id, data-fdesc, data-name, data-address, data-access, data-telno, data-operationtime, data-holiday, data-latitude data-longitude
"id_shop_ce986afe7b3d8c4e85cb70c099a517ec","ce986afe7b3d8c4e85cb70c099a517ec","ラウンドワン函館店","函館市西桔梗町848-11","産業道路 西桔梗町 函館中央自動車学校様隣","0138-49-8401","10:00～24:00/土9:00～24:00/日・祝8:00～24:00","無し","41.82459206 140.7173548""id_shop_0e0bda6fa588ebb659f7b98768669f3f","0e0bda6fa588ebb659f7b98768669f3f","アミューズメントスペース遊ランド士別店","士別市大通り東8","士別駅徒歩10分","0165-29-2828","12:00～翌2:00","無し","44.173913 142.394292""id_shop_b1aab9e72a53b34ffabbdb7cd214af0d","b1aab9e72a53b34ffabbdb7cd214af0d","遊ランド富良野店","富良野市弥生町5-50","富良野駅徒歩10分","0167-39-0123","13:00～翌1:00","無し","43.34423305 142.3786409""id_shop_353a4a59d5eccd8f0ffe4e5d17e5ee49","353a4a59d5eccd8f0ffe4e5d17e5ee49","GiGOドリームタウン白樺","帯広市白樺16条西2ドリームタウン白樺内","ドリームタウン白樺内","080-7422-4566","9:00～翌3:00","無し","42.91947724 143.174195""id_shop_d09699e20526b401db16ca2e44416644","d09699e20526b401db16ca2e44416644","遊ランド春光店","旭川市春光1条7-2-25","JR旭川駅車20分","0166-55-3355","11:00～翌4:00","無し","43.798192 142.373983""id_shop_8bca737af6c3cb0eeff2a69403329f86","8bca737af6c3cb0eeff2a69403329f86","ラウンドワン旭川店","旭川市永山3条1-4-7","国道39号 永山3条1丁目","0166-49-5071","10:00～24:00/土9:00～24:00/日・祝8:00～24:00","無し","43.78651521 142.397308""id_shop_416cb791a9d1e95eb6bd292cfb4be445","416cb791a9d1e95eb6bd292cfb4be445","遊ランド西御料店","旭川市西御料5条2-64-19","旭川環状線1号から美瑛・富良野方面へお進み下さいませ","0166-60-5050","平日12:00～翌3:00 金・土・祝前日11:00～翌5:00","無し","43.723884 142.368924""id_shop_a653d257079fbce7e8d6596e1bbc4e5a","a653d257079fbce7e8d6596e1bbc4e5a","ラウンドワン札幌すすきの店","札幌市中央区南五条西3-6-1札幌東宝公楽ビル","札幌市営地下鉄「すすきの駅」「豊水すすきの駅」より徒歩約2分","011-520-1022","6:00～23:50","無し","43.05431311 141.3540587""id_shop_d8e76ce0023e0618a16c6dddef77cfef","d8e76ce0023e0618a16c6dddef77cfef","GiGO札幌駅西口","札幌市北区北6条西6-1-1WEST6","","080-7173-6552","","","43.06749301 141.3465097""id_shop_de967e1a41eac5fe2fdab8175c2c02be","de967e1a41eac5fe2fdab8175c2c02be","ラウンドワン札幌北21条店","札幌市東区北21条東1-1-21","[市営地下鉄南北線 北24条駅] 南北線北24条駅2番出口より北24条通り東へ430m。創成川通り(石狩街道)を東へ470m  徒歩約15分","011-733-8801","10:00～24:00/土9:00～24:00/日・祝8:00～24:00","無し","43.08681907 141.3495671""id_shop_3c6777c2d90eca527854deba4ab6adb6","3c6777c2d90eca527854deba4ab6adb6","ラウンドワン札幌白石本通店","札幌市白石区本通-16-北1-50","札幌市営地下鉄東西線「南郷18丁目」駅より徒歩約10分","011-865-8051","10:00～24:00","無し","43.03673108 141.4328227""id_shop_1b9af87f2647d8103818116437d24a66","1b9af87f2647d8103818116437d24a66","アミューズメントスペース遊ランド稚内店","稚内市港5-8-15","","0162-22-2233","","","45.40077226 141.6807113""id_shop_4cf50d6440cafda84b960a8159d61d89","4cf50d6440cafda84b960a8159d61d89","ユーズランド下田店","上北郡おいらせ町中野平40-1イオンモール下田1F","イオン下田SC1・2FJR下田駅よりバスで10分八戸市より車で約15km、三沢市より車で約15km","0178-50-3237","10:00～22:00","無し","40.60188383 141.4176032""id_shop_f857152de32c6da3f2deb458963e593c","f857152de32c6da3f2deb458963e593c","ラウンドワン青森店","青森市浜田3-1-1","青森自動車道 青森中央IC下車 浜田ドリームタウンアリー内","017-762-3591","10:00～24:00/土9:00～24:00/日・祝8:00～24:00","無し","40.79867718 140.7483213""id_shop_b959ed59f8e5429ebc864ece5e8d02cb","b959ed59f8e5429ebc864ece5e8d02cb","BINGO一関店","一関市山目字中野92-1","一関ICを降り342号線を4号線方面へ 4号線の交差点を右折、100メートル右側 一関消防署隣り","0191-25-6899","10:00～24:00","無し","38.93346883 141.1175074""id_shop_419e00954b9c358893e8041bb425d517","419e00954b9c358893e8041bb425d517","テクノワールド","奥州市江刺愛宕梁川127-1","","0197-47-3619","店舗にてご確認ください","無し","39.179225 141.162155""id_shop_0ddb92f7f661a49636ecee6a4274ba3e","0ddb92f7f661a49636ecee6a4274ba3e","サンシャイン","盛岡市大通2-7-21","盛岡大通り沿い","019-622-9516","10:00～24:00","無し","39.70320065 141.1454348""id_shop_68786b87f109492a2b6d8c56ae24ac68","68786b87f109492a2b6d8c56ae24ac68","タイトーFステーション盛岡南店","盛岡市津志田町2-1-77","国道4号線沿い、津志田交差点近く。","019-639-9185","10:00～24:00","無し","39.666626 141.157277""id_shop_2c446cb47c1959b6b7b387c541f5c8c4","2c446cb47c1959b6b7b387c541f5c8c4","ラウンドワン盛岡店","盛岡市盛岡駅西通2-10-35","盛岡駅 西口すぐ","019-654-9011","10:00～24:00/土9:00～24:00/日・祝8:00～24:00","無し","39.70035197 141.133077""id_shop_ff0217141ca6e6ac9dcb089c8aea0ed8","ff0217141ca6e6ac9dcb089c8aea0ed8","THE 3RDプラネットBivi仙台店","仙台市宮城野区榴岡2-1-25","JR仙台駅東口徒歩1分","022-742-0543","9:00～24:00","無し","38.26104517 140.8836926""id_shop_4fd5b9951773260e25426acd35c387df","4fd5b9951773260e25426acd35c387df","ラウンドワン仙台苦竹店","仙台市宮城野区苦竹1-7-10","JR仙石線苦竹駅すぐ","022-788-2581","10:00～23:50 土日祝6:00～23:50","無し","38.26828399 140.9172614""id_shop_4849b02f89f69504e072941c1aa5dd5b","4849b02f89f69504e072941c1aa5dd5b","GiGOイオン仙台中山","仙台市泉区南中山1-35-57イオン仙台中山店別館3F","","022-347-3139","","","38.299061 140.828497""id_shop_874719677a4d433259d033e7f2de26c7","874719677a4d433259d033e7f2de26c7","GAME BANK","仙台市泉区大沢2-5-4","東北自動車道 泉インター直ぐ","022-776-5677","9:00～24:00","無し","38.352801 140.877385""id_shop_61ab9402ef3b52689fcfcbc2bcf04976","61ab9402ef3b52689fcfcbc2bcf04976","ゲームコーナー東部","仙台市若林区六丁の目中町26-60","六丁目の交差点より多賀城方面へ向かい車で5分。産業通り沿い。","022-287-5880","9:00～24:00","無し","38.25101621 140.9438974""id_shop_5949cea6aa4154f939b395b5b703f154","5949cea6aa4154f939b395b5b703f154","GiGO仙台一番町","仙台市青葉区一番町4-5-13サンシャインビル1F","","022-393-6746","","","38.26424 140.87121""id_shop_90499a6a90ec437f76d8174a072f3dd1","90499a6a90ec437f76d8174a072f3dd1","タイトーステーション仙台クリスロード店","仙台市青葉区中央2-3-25","JR仙台駅・地下鉄仙台駅より徒歩8分(ハピナ名掛丁アーケード内)","022-262-2541","9:00～24:00","無し","38.261006 140.875705""id_shop_a9989061b8a0aa39ef93f479f8b6ff30","a9989061b8a0aa39ef93f479f8b6ff30","GiGO仙台","仙台市青葉区中央2-5-5三経60ビル","","022-211-1922","","","38.26181 140.87675""id_shop_fd233da102e8ecfb472370e0b5edd462","fd233da102e8ecfb472370e0b5edd462","GiGO利府","宮城郡利府町加瀬字新前谷地55-1","三陸自動車道 利府中IC下車利府バイパス沿い車で5分","022-352-1399","10:00～24:00","無し","38.32801132 140.9756135""id_shop_ad65c2ee5970dae4177b1879fcc9e50a","ad65c2ee5970dae4177b1879fcc9e50a","アピナ富谷店","富谷市大清水1-33-1イオンモール109シネマズ富谷1F","","022-341-5177","","","38.36528256 140.8765988""id_shop_1b6ebd593f4d866d4be2ca8abb94c710","1b6ebd593f4d866d4be2ca8abb94c710","ユーズランド大河原店","柴田郡大河原町字小島2-1フォルテ2F","","0224-51-1237","","","38.065153 140.737021""id_shop_8ddcbea6538f67e8ec621c5abc4b51aa","8ddcbea6538f67e8ec621c5abc4b51aa","ラウンドワン秋田店","秋田市卸町1-1-2","国道13号 古川添交差点","018-896-6711","10:00～24:00/土9:00～24:00/日・祝8:00～24:00","無し","39.70235247 140.1092394""id_shop_c6a67fb6d2fd275c0e7060a09344964f","c6a67fb6d2fd275c0e7060a09344964f","GiGO天童","天童市南町1-5-26","JR「天童駅」より車で10分。国道13号線を南下し国道沿い左側。","023-656-9370","10:00～24:00","無し","38.34302924 140.3739732""id_shop_f3778a2c21ba4a9996ef4f57f0672fb7","f3778a2c21ba4a9996ef4f57f0672fb7","GiGO米沢","米沢市大字花沢字タナコ原177","","0238-24-0666","","","37.91095607 140.133677""id_shop_68e31355a4b6578ade5b47789878c8cd","68e31355a4b6578ade5b47789878c8cd","嶺宝スポーツセンター","いわき市小名浜住吉字折返2-2","6号バイパス住吉交差点横","0246-58-8093","11:00～23:00","火曜日","36.97400283 140.8903913""id_shop_ef43a3896e5b090224f9bedfe8b3c86e","ef43a3896e5b090224f9bedfe8b3c86e","GiGO会津若松","会津若松市町北町上荒久田字宮下142","磐越道会津若松IC側","0242-37-0777","9:00～24:00","無し","37.51832577 139.9222191""id_shop_d21677e768a7b68c6f501b3d840ffea1","d21677e768a7b68c6f501b3d840ffea1","ラウンドワン福島店","福島市太田町14-18","福島駅前 西口すぐ","024-525-4731","10:00～24:00/土9:00～24:00/日・祝8:00～24:00","無し","37.75259469 140.4562354""id_shop_58b4d5272efebcef2bfe6db23d780d94","58b4d5272efebcef2bfe6db23d780d94","GiGO福島南","福島市黒岩字中島7-2","高速福島西ICより車で15分。国道4号線を右折し「黒岩」交差点手前左側。","024-544-0280","10:00～24:00","無し","37.72791083 140.4671033""id_shop_84ad0c511b9885beb9fea9b9a2335a8d","84ad0c511b9885beb9fea9b9a2335a8d","ラウンドワン郡山店","郡山市向河原町4-55","JR郡山駅東側(西口よりJRをくぐり約10分)","024-941-3191","10:00～24:00","無し","37.40229903 140.3957065""id_shop_ca0feffeab21eb0fbab07a7a4a784ad2","ca0feffeab21eb0fbab07a7a4a784ad2","アミューズパーク郡山店","郡山市安積町日出山2-80","JR郡山駅より車で10分。東部幹線沿い。","0249-44-9898","店舗にてご確認ください","無し","37.37446344 140.3838207""id_shop_0b1d9086a319f94eb3d95a3fec678902","0b1d9086a319f94eb3d95a3fec678902","タイトーFステーション郡山オリエントパーク店","郡山市安積町荒井字大久保35-1","","024-946-8222","","","37.37465045 140.3487929""id_shop_6b69ca58b1381ec9c91f8a18b8e97a00","6b69ca58b1381ec9c91f8a18b8e97a00","GiGO日和田","郡山市日和田町字西中島7-1","","0249-58-3951","","","37.44821593 140.3804189""id_shop_b60c5050c68c9cf00045402a6254f5c5","b60c5050c68c9cf00045402a6254f5c5","ゲームメガみらい平店","つくばみらい市陽光台1-14-1","みらい平駅前","0297-20-7070","9:30～24:00","無し","35.99554837 140.0406889""id_shop_cc46293e13922d30910df91d3fd4d769","cc46293e13922d30910df91d3fd4d769","ゲームメガつくば店","つくば市小野崎177-2","","029-846-1200","","","36.07682559 140.1047877""id_shop_675284c3ffd1b400d8bd183b63067f4f","675284c3ffd1b400d8bd183b63067f4f","アミューズビバ","ひたちなか市東大島2-11-11-1Fゲームコーナー","勝田駅東口より北へ1km","029-274-7311","","","36.40636031 140.5317325""id_shop_4239056cc44c43fd631159e17878c578","4239056cc44c43fd631159e17878c578","GiGOひたちなか別館","ひたちなか市田中後40-2","北関東自動車道 ひたちなかインターから車で約5分","029-263-7615","10:00～24:00","無し","36.34746899 140.5800737""id_shop_1c0c48cf7a252372413c7fd5794bec2c","1c0c48cf7a252372413c7fd5794bec2c","ピンクパンサー 下妻店","下妻市小島884-10","国道旧294号線沿い","0296-43-6880","12:00～24:00","無し","36.17067062 139.9664734""id_shop_ff550daad1fa57b20a57cf08d83ca6d7","ff550daad1fa57b20a57cf08d83ca6d7","ゲームパドック プラスワン","古河市小堤1916-1","国道125号、古河方面から下妻方面に走行、新幹線のガードをくくって500m左手","0280-98-5161","9:00～24:00","無し","36.2067047 139.7580433""id_shop_b87618a0bded87615e2d0b2e2b1bf52e","b87618a0bded87615e2d0b2e2b1bf52e","ゲームパニックつくば","土浦市中村東1-1-1","","080-3350-1839","","","36.04632758 140.1679958""id_shop_32ab165b7c80a472a0e4e261b647e86e","32ab165b7c80a472a0e4e261b647e86e","ピンクパンサー土浦店","土浦市木田余4585-3","","029-886-6467","","","36.106571 140.215204""id_shop_3d4a60c258b360a0ec49db6d65fd9d70","3d4a60c258b360a0ec49db6d65fd9d70","ゲームメガ日立店","日立市東多賀町5-10-10","常陸多賀駅徒歩5分","0294-32-1983","10:00～24:00","無し","36.54818909 140.6305166""id_shop_d9f14f27390811525536fef00f105e7b","d9f14f27390811525536fef00f105e7b","ユーズランド水戸内原店","水戸市内原2-1イオンモール水戸内原2F","","029-259-1218","","","36.374428 140.3590138""id_shop_8f7b69cf7d99e8dc1f5f2947c0029f9c","8f7b69cf7d99e8dc1f5f2947c0029f9c","ピンクパンサー 水戸赤塚店","水戸市河和田1-1","JR水戸線 赤塚駅徒歩5分 フレスポ赤塚内","029-309-1983","10:00～24:00","無し","36.3807337 140.4136026""id_shop_d46892c6a7e439bdb18847d407250a47","d46892c6a7e439bdb18847d407250a47","ゲームメガ水戸けやき台店","水戸市酒門町3276-1","50号バイパス沿い","029-247-1983","10:00～24:00","無し","36.33805576 140.4832773""id_shop_0e2685d9f1b94ebaa4910e5b0f387886","0e2685d9f1b94ebaa4910e5b0f387886","フリスポ下館店","筑西市神分472","国道50号を下館から小山方面へ10分","0296-22-7552","","","36.30255879 139.9564543""id_shop_8fc5dab945ef9260b7a052c0b76e15f2","8fc5dab945ef9260b7a052c0b76e15f2","インターパークプラスワン","宇都宮市インターパーク6-5-1","国道4号線、北関東自動車道、宇都宮上三川インターインター降りてすぐ","028-657-6789","9:00～24:00","無し","36.48822111 139.9053211""id_shop_7aeaea6a3c1c785518fe33327dec1841","7aeaea6a3c1c785518fe33327dec1841","GiGO宇都宮","宇都宮市東宿郷5-1-7","","028-633-6082","","","36.558326 139.90882""id_shop_0390231c20f98cc6f32930f3bcd36381","0390231c20f98cc6f32930f3bcd36381","ラウンドワン宇都宮店","宇都宮市江曽島町2072-1","宇都宮4号線 西原町・簗瀬ドンキホーテ様 西側","028-614-8171","平日10:00～23:50 土日祝6:00～23:50","無し","36.54080987 139.8868656""id_shop_f01002ffb8926557413e42a2bbb69b66","f01002ffb8926557413e42a2bbb69b66","アミューズメントヒカリ","宇都宮市江野町7-13ヒカリビル1F","","028-632-0382","","","36.56004 139.88167""id_shop_a023f0b26ab95f166e55a54b2bbd02b0","a023f0b26ab95f166e55a54b2bbd02b0","シーサイドリゾート","宇都宮市睦町7-3","鹿沼街道沿い","028-632-5006","10:00～24:00","無し","36.56327652 139.8604649""id_shop_2a63bcb14f861dcbb9b9ec7c951f50a5","2a63bcb14f861dcbb9b9ec7c951f50a5","ドラマ足利店","足利市朝倉町244-1","東武伊勢崎線足利市駅より徒歩10分","0284-73-9559","10:00～24:00","無し","36.32220259 139.4503607""id_shop_cfe140e182afe5256b099af7305f9133","cfe140e182afe5256b099af7305f9133","インターワールド伊勢崎店","伊勢崎市宮子町3425-4","関東自動車道駒形ICから5分。伊勢崎オートレース近く","0270-25-4338","10:00～24:00","無し","36.3315169 139.1624928""id_shop_202381d92beaf8ad0c9b1b4a92801530","202381d92beaf8ad0c9b1b4a92801530","群馬レジャーランド伊勢崎店","伊勢崎市連取町3066-1","伊勢崎市内県道2号線沿い伊勢崎オート近く","0270-40-5330","一部24時間営業","無し","36.31824274 139.1723592""id_shop_7242aefd06818f758ebf4e999a539d39","7242aefd06818f758ebf4e999a539d39","ラウンドワン前橋店","前橋市天川大島町1101-1","両毛線前橋大島南口下車 徒歩約6分","027-287-1501","10:00～24:00/土9:00～24:00/日・祝8:00～24:00","無し","36.36888377 139.1051864""id_shop_adf8005a97534d66a3c35f2f1581a31a","adf8005a97534d66a3c35f2f1581a31a","ユーズランド太田店","太田市石原町81-イオンモール太田2F","イオン太田SC2F東武伊勢崎線太田駅よりバスで10分東北道館林ICよりR354～R122(太田バイパス)経由約30分","0276-47-8722","10:00～23:00","無し","36.29327372 139.4001931""id_shop_edb06a690bfcfaa08a625124289bce7c","edb06a690bfcfaa08a625124289bce7c","群馬レジャーランド太田店","太田市西矢島町162-2","","0276-47-8030","一部24時間営業","無し","36.26802219 139.3761382""id_shop_2d82aa59dff25476df6904ba28a5db0f","2d82aa59dff25476df6904ba28a5db0f","群馬レジャーランド渋川店","渋川市八木原1364","","0279-25-0718","","","36.4742053 139.0154654""id_shop_00f4cb833487484edafae72b2cb0c22d","00f4cb833487484edafae72b2cb0c22d","群馬レジャーランド藤岡店","藤岡市中2002-1","県道13号沿い、上信越道藤岡IC北 カーオプション店『ピット100』2階","0274-40-2371","一部24時間営業","","36.27426745 139.0718857""id_shop_0fdd67eda5e5a23cd3a764a7499923ec","0fdd67eda5e5a23cd3a764a7499923ec","ルパン122","邑楽郡邑楽町大字中野1593","東武小泉線本中野駅下車徒歩20分","0276-88-7510","17:00～24:00 土日祝10:00～24:00","毎週火曜日","36.27008866 139.4600086""id_shop_5c0ebcbdea4539f37d2e190b43ef47ba","5c0ebcbdea4539f37d2e190b43ef47ba","ユーズランド高崎店","高崎市棟高町1400-イオン高崎SC2F","","027-310-9113","10:00～23:00","","36.39047889 139.0067302""id_shop_d9781d1e3819d9ab817de8afa9c39580","d9781d1e3819d9ab817de8afa9c39580","群馬レジャーランド高崎駅東口店","高崎市江木町333-1高崎EXビル2F","JR高崎駅東口徒歩10分","027-330-3002","一部24時間営業","無し","36.32992086 139.0128661""id_shop_32b617659c0fb867b079027e4acebc5f","32b617659c0fb867b079027e4acebc5f","タイトーステーション大宮店","さいたま市大宮区大門町1-1","大宮駅東口徒歩1分","048-782-5461","9:00～翌1:00","無し","35.907441 139.625505""id_shop_fcfde039171610b4488ab5d9c499d0ac","fcfde039171610b4488ab5d9c499d0ac","埼玉レジャーランド大宮ラクーン店","さいたま市大宮区宮町1-60大宮ラクーン5F","","048-871-5539","","","35.90775385 139.6256741""id_shop_8f8498df7ce389566fcb8d1af8b42a55","8f8498df7ce389566fcb8d1af8b42a55","ラウンドワン大宮店","さいたま市大宮区宮町4-90-7","JR「大宮駅」下車徒歩10分","048-658-5666","10:00～23:50、[土日祝]6:00～23:50","無し","35.91078012 139.6254963""id_shop_ac142ee4b9d7535e03da86a08da22ad1","ac142ee4b9d7535e03da86a08da22ad1","アミューズメントクラブ浦和","さいたま市浦和区仲町1-10-7","浦和駅西口徒歩8分","048-814-0200","10:00～23:45","無し","35.86027333 139.6535096""id_shop_db53512420cab3560e480612f67cc29a","db53512420cab3560e480612f67cc29a","アミューズメントフィールドバイヨン","ふじみ野市うれし野2-16-1LCモールうれし野2F","東武東上線「ふじみ野」駅徒歩6分ショッピングモールリズム横","0492-65-1400","10:00～24:00","無し","35.85617882 139.522425""id_shop_5c5671e5665396936d1c3f84e18ced4c","5c5671e5665396936d1c3f84e18ced4c","ゲームパニック三郷","三郷市ピアラシティ1-1-200","","048-953-8295","","","35.84215546 139.8548102""id_shop_b43360114425aaa11b7df3fb9a56d504","b43360114425aaa11b7df3fb9a56d504","ラウンドワンららぽーと新三郷店","三郷市新三郷ららシティ3-1-1ららぽーと新三郷 2F","武蔵野線 「新三郷駅」下車 西口直結","048-950-7501","10:00～24:00","無し","35.859813 139.865774""id_shop_ec84a3398f86c39a1d6a7ea2ee37a3d1","ec84a3398f86c39a1d6a7ea2ee37a3d1","ラウンドワン上尾店","上尾市大字平塚917-1","国道17号線上尾市役所前を伊奈方面へ 平塚交差点左折すぐ平塚公園前","048-778-3411","10:00～24:00","無し","35.98574121 139.6078308""id_shop_c581e57fa87bbba2aa16d2b874a32572","c581e57fa87bbba2aa16d2b874a32572","ラウンドワンさいたま･栗橋店","久喜市小右衛門192-1","国道4号 東北新幹線 高架そば","0480-55-0831","10:00～24:00/土9:00～24:00/日・祝8:00～24:00","無し","36.12348469 139.7152159""id_shop_2ff7fa1d263e1c5f34fc394037ce85c5","2ff7fa1d263e1c5f34fc394037ce85c5","ラウンドワンさいたま･上里店","児玉郡上里町大字金久保字周川394-1","国道17号「金久保」交差点 東","0495-35-2201","10:00～24:00","無し","36.259925 139.137383""id_shop_c522a52cbaf30606407bbe64ed87a6b0","c522a52cbaf30606407bbe64ed87a6b0","ラウンドワン入間店","入間市小谷田3-7-25","西武池袋線入間市駅 下車","042-960-1521","10:00～24:00/土9:00～24:00/日・祝8:00～24:00","無し","35.82812299 139.3755366""id_shop_043994294b9a219c77c51b8c930a962c","043994294b9a219c77c51b8c930a962c","GiGO入間","入間市東藤沢2-18","","0429-65-1813","","","35.81911 139.418219""id_shop_4c23f06b8b22f2bf962e5159bb92cf68","4c23f06b8b22f2bf962e5159bb92cf68","タイトーFステーションクレアモール川越店","川越市新富町2-1-13本川越SSビル1-4F","","049-298-8963","","","35.91384483 139.482921""id_shop_47ec9118f36fa3da40bd7700c210ea9e","47ec9118f36fa3da40bd7700c210ea9e","インターワールド幸手店","幸手市上高野2142-1","","0480-47-0540","","","36.05714632 139.7144119""id_shop_d38223cd0d23a9b438a7fa7a2a600435","d38223cd0d23a9b438a7fa7a2a600435","ラウンドワン所沢店","所沢市東町5-22TOCOTOCO SQUARE6F","","04-2940-8631","","","35.78935214 139.4700049""id_shop_392ff63e272e0674dd5d7424b97905c8","392ff63e272e0674dd5d7424b97905c8","ユーズランド春日部店","春日部市下柳420-1イオンモール春日部2F 2037","庄和インターそば","048-745-2501","施設の営業時間に準じる","施設の営業日に準じる","35.987895 139.788478""id_shop_7c0f9f1c425be9fcae919f926d6cbeec","7c0f9f1c425be9fcae919f926d6cbeec","埼玉レジャーランド春日部店","春日部市大字増富字谷際163-1","国道16号線沿い春日部市増富地内","048-763-4061","一部24時間","無し","35.95940469 139.7289621""id_shop_bef88a9d89f14f1c95adb98aef2f5d8d","bef88a9d89f14f1c95adb98aef2f5d8d","ラウンドワン朝霞店","朝霞市膝折町2-16-10","川越道沿い 膝折公団前のすぐ","048-450-1822","10:00～24:00/土9:00～24:00/日・祝8:00～24:00","無し","35.79026242 139.5796756""id_shop_0a64c24e00534d6a541463a03c21e5f1","0a64c24e00534d6a541463a03c21e5f1","ビデオゲームミュージアムロボット深谷店","深谷市上柴町西4-12-1","","048-573-3951","10:00～24:00","無し","36.17966807 139.2987761""id_shop_404b12a9ffb93e5e4d862e7f646aec89","404b12a9ffb93e5e4d862e7f646aec89","ラウンドワン草加店","草加市谷塚上町204番1","国道4号線を埼玉方面へ谷塚仲町交差点左折 安行街道 柳島交差点すぐ","048-920-3701","10:00～24:00","","35.81240056 139.7878993""id_shop_e6b1c87f7494aef42a1b738b7213b637","e6b1c87f7494aef42a1b738b7213b637","ラウンドワンわらび店","蕨市北町5-1-6","中仙道「北町4」交差点すぐ","048-447-8080","10:00～23:50、土日祝8:00～23:50","無し","35.83078787 139.6742521""id_shop_90ce34963b33bd25b7373733645a0c29","90ce34963b33bd25b7373733645a0c29","ユーズランド越谷店","越谷市レイクタウン4-2-2イオンレイクタウンKAZE 3F","武蔵野線レイクタウン駅下車徒歩1分","048-934-3342","9:00～22:00","無し","35.87763779 139.8247477""id_shop_b0b39de4dbd80621f193a172955b5c37","b0b39de4dbd80621f193a172955b5c37","ラウンドワンさいたま･鴻巣店","鴻巣市箕田3163-7","国道17号「箕田」交差点東","048-595-2001","10:00～24:00","無し","36.08064011 139.4902201""id_shop_d5c7b961162830a661a670711109d48e","d5c7b961162830a661a670711109d48e","ラッキー中央店(フェリシダ)","千葉市中央区富士見2-8-1","JR千葉駅より徒歩5分","043-222-5610","9:00～24:50","無し","35.61028144 140.1182438""id_shop_312f194a0d54f18409a45a4fea90f96b","312f194a0d54f18409a45a4fea90f96b","スポーツウェーブ鉄腕24浜野店","千葉市中央区浜野町1025-59","館山自動車道蘇我ICより車で8分","043-300-8033","一部24時間営業","無し","35.55423187 140.1264305""id_shop_4fb91ba1fc409af2f76b83d748158eab","4fb91ba1fc409af2f76b83d748158eab","スポーツウェーブ鉄腕24稲毛長沼店","千葉市稲毛区長沼原町697","東関東自動車道 千葉北ICから約5分 千葉総合運動場そば","043-215-5560","一部24時間営業","無し","35.66179317 140.1264239""id_shop_52afc483376e80cd197e81f8ca188dab","52afc483376e80cd197e81f8ca188dab","パレパレ稲毛長沼店","千葉市稲毛区長沼原町731-25フレスポ稲毛A2棟-4","JR稲毛駅より京成バス山王町行き、ヴィルフォーレ下車2分","043-304-7878","9:00～24:00","無し","35.65753267 140.129187""id_shop_4249f8c34ce521a515348c72ca2cf07e","4249f8c34ce521a515348c72ca2cf07e","GiGO幕張","千葉市美浜区ひび野1-8メッセアミューズモール1F","","043-273-5261","","","35.65022338 140.0425216""id_shop_dda5ddf28f3773825ad96fcec0d611d2","dda5ddf28f3773825ad96fcec0d611d2","千葉レジャーランド成東店","山武市姫島111-1","国道126号線成東町姫島地内ローソン奥","047-580-1777","一部24時間営業","無し","35.58828462 140.3904243""id_shop_cb43ad3a9f2c7f57e4ea5c9c3c4b713f","cb43ad3a9f2c7f57e4ea5c9c3c4b713f","ゲームチャリオット五井店","市原市五井中央西2-1-2","JR五井駅西口駅前","0436-23-5533","10:00～24:00","無し","35.51363106 140.0899562""id_shop_035765757419805a14e22b1a265d82e2","035765757419805a14e22b1a265d82e2","ラウンドワン市原店","市原市八幡北町3-5-1","国道16号線沿い村田町交差点五十谷橋すぐ","0436-44-8801","10:00～23:50 土日祝6:00～23:50","無し","35.54749256 140.1233239""id_shop_cc7547a287ee57a978d33b88d616b22f","cc7547a287ee57a978d33b88d616b22f","ゲームチャリオット辰巳店","市原市市原500-1","館山自動車道蘇我ICより車で10分、国道297号線沿い","0436-41-9211","10:00～24:00","無し","35.52471801 140.121946""id_shop_7120738915e1c2b4bc451fd6f01da9cb","7120738915e1c2b4bc451fd6f01da9cb","大慶園","市川市大町359","JR市川大野駅下車 市川植物園行きバス乗車 市川斎場前下車徒歩10分・北総線大町駅から車5分","047-337-5001","一部24時間営業","無し","35.76304297 139.96933""id_shop_5fbd331f03d1948378323836120e6de3","5fbd331f03d1948378323836120e6de3","タイトーFステーション市川妙典店","市川市妙典4-1-1イオン市川妙典店2番街2F","","047-318-3933","施設の営業時間に準じる","施設の営業日に準じる","35.69246485 139.9267286""id_shop_2dbda0efb0bd10d7a710d1f03062a8a9","2dbda0efb0bd10d7a710d1f03062a8a9","ラウンドワン市川鬼高店","市川市鬼高4-1-3","県道283号「市川インター北側」交差点すぐ","047-320-3801","10:00～24:00","無し","35.711239 139.927465""id_shop_b86f64aff5bf2ee83f5a3d0d1ec9ea69","b86f64aff5bf2ee83f5a3d0d1ec9ea69","GiGO旭","旭市ニ野場3150-1","","0479-62-7101","","","35.72348705 140.6395969""id_shop_89bc7d7e883ad3baa09ea2a89558dac6","89bc7d7e883ad3baa09ea2a89558dac6","柏ヤングボウル","柏市南柏中央11-1","JR南柏駅より徒歩5分","04-7174-2222","一部24時間営業","無し","35.845987 139.957023""id_shop_cbb890d34fba291c1fffe71eb3759400","cbb890d34fba291c1fffe71eb3759400","ラウンドワンアリオ柏店","柏市大島田1-6-1セブンパークアリオ柏 1070","国道16号線大島田交差点南側","04-7190-1201","8:00?23:50、土日祝6:00～23:50","無し","35.832403 140.012023""id_shop_3e9eecac36a3ae2c5baec4d969a5ac49","3e9eecac36a3ae2c5baec4d969a5ac49","ゲームプラザセントラル浦安店","浦安市北栄1-16-15","地下鉄東西線浦安駅前","0473-55-2447","10:00～24:00","無し","35.66516962 139.8933569""id_shop_5ed2173e5f68fb1da2a6ec39316d2eb4","5ed2173e5f68fb1da2a6ec39316d2eb4","ラウンドワン習志野店","習志野市芝園1-4-5","JR京葉線新習志野駅より徒歩約15分","047-408-1901","10:00～24:00","無し","35.660295 140.022576""id_shop_d8f0ac1483cccac60e5738c0feab41c6","d8f0ac1483cccac60e5738c0feab41c6","アミューズメントエース津田沼","船橋市前原西2-15-1ファミービル1-3F","JR「津田沼駅」下車北口より徒歩1分","047-475-8918","9:00～24:00","無し","35.69228053 140.0201572""id_shop_6bdb902a6e8c534795306f3a12218e08","6bdb902a6e8c534795306f3a12218e08","千葉レジャーランド野田店","野田市吉春776-1","国道16号線沿い野田市吉春地内","04-7120-3535","一部24時間営業","無し","35.97154747 139.8653487""id_shop_43bb115b69e26f45a1e3572d46d37640","43bb115b69e26f45a1e3572d46d37640","フリスポ佐原店","香取市佐原イ4200","","0478-54-6160","","","35.90115035 140.493442""id_shop_a6a4bbc96fb0774441ea773b7b82f03e","a6a4bbc96fb0774441ea773b7b82f03e","アドアーズ中野店","中野区中野5-52-15ブロードウェイ185","中野ブロードウェイ内左手","03-3389-7670","10:00～23:45","無し","35.70931435 139.6656989""id_shop_04fa99ae87b46a5f4b36c375a4a0e6ff","04fa99ae87b46a5f4b36c375a4a0e6ff","ゲームプラザセントラル八王子店","八王子市東町12-15第5セントラルビル","JR八王子駅徒歩1分","0426-44-0078","10:00～翌1:00","無し","35.65802575 139.338208""id_shop_8aa4b9527d2f53e799ce20cc16de7bec","8aa4b9527d2f53e799ce20cc16de7bec","ゲ-ムリボン","北区東十条4-4-23","JR京浜東北線東十条駅徒歩1分","03-3911-9066","10:00～24:00","無し","35.76577075 139.7276432""id_shop_356aa71e6b4000903cf76777676b9e3a","356aa71e6b4000903cf76777676b9e3a","namco王子サンスクエア店","北区王子1-4-1サンスクエア2F","","03-5959-9830","","","35.7529261 139.7377633""id_shop_f5e78bff2c03b1908ba2b3cd1768be5c","f5e78bff2c03b1908ba2b3cd1768be5c","GiGO赤羽","北区赤羽1-7-9赤羽第一葉山ビルB1","","03-5249-3725","","","35.778926 139.722383""id_shop_3ead65a1560d15d4197eb211c486eb7f","3ead65a1560d15d4197eb211c486eb7f","GiGO秋葉原5号館","千代田区外神田1-10-1","","03-3255-2168","","","35.69869242 139.7706229""id_shop_0bc8c52e29847fbfdfc8e79db45225f2","0bc8c52e29847fbfdfc8e79db45225f2","Hey(タイトー)","千代田区外神田1-10-5広瀬本社ビル2F","JR秋葉原駅電気街口を出て徒歩2分","03-5209-2030","10:00～24:00","無し","35.698992 139.77108""id_shop_265720f89651ebfdfe956fda6a2001f7","265720f89651ebfdfe956fda6a2001f7","ゲームパニック秋葉原","千代田区外神田1-13-1第122東京ビル","","03-6285-2820","","","35.69891 139.77165""id_shop_513bc083677a54d369d2393b42dac9ad","513bc083677a54d369d2393b42dac9ad","東京レジャーランド秋葉原店","千代田区外神田1-9-5","JR秋葉原駅徒歩5分","03-5298-1360","10:00～25:00","無し","35.69887947 139.7701404""id_shop_001814da990cf07b5dcbe7d5135a5cad","001814da990cf07b5dcbe7d5135a5cad","東京レジャーランド秋葉原2号店","千代田区外神田4-3-3","JR秋葉原駅より徒歩5分","03-5209-5650","10:00～25:00","無し","35.70073433 139.7718424""id_shop_9c3db660864b3cf84eea583464a021f1","9c3db660864b3cf84eea583464a021f1","アドアーズ上野アメ横店","台東区上野4-9-14上野KKビルB1-4F","アメ横センタービルそば","03-5812-1570","10:00～23:30","無し","35.71002035 139.7742619""id_shop_6d576bf96f874cb497d172745ed35cea","6d576bf96f874cb497d172745ed35cea","タイトーFステーションオリナス錦糸町店","墨田区太平4-1-2オリナスB1F","JR総武線錦糸町駅北口から徒歩5分","03-5610-7376","10:00～23:45","無し","35.700721 139.816024""id_shop_0aadfe9d4e192e856e854e7096a413c5","0aadfe9d4e192e856e854e7096a413c5","Amusement&Game MAGHREB","多摩市落合1-41-1マグレブWEST 1-2F","京王線・小田急線 多摩センター駅 徒歩3分/多摩モノレール多摩センター駅 徒歩1分","042-371-5556","10:00～24:00","無し","35.624024 139.423196""id_shop_9f0de49a34a719afb13295be1270603e","9f0de49a34a719afb13295be1270603e","GiGO大森","大田区山王2-1-5大森駅ララビル2F","","03-5709-0669","","","35.590043 139.72823""id_shop_9190c91d4d2743f4e83026546c2b455d","9190c91d4d2743f4e83026546c2b455d","シルクハット蒲田西口","大田区西蒲田7-2-3第二醍醐ビルB1-2F","","","10:00～24:45","","35.56301591 139.7158447""id_shop_18cb1521b5b08893e7b60374c929e88d","18cb1521b5b08893e7b60374c929e88d","ラウンドワン府中本町駅前店","府中市本町1-13-3カネタビル","JR南武線 府中本町駅すぐ","042-340-4901","10:00～24:00","無し","35.667312 139.477387""id_shop_b2d2ea1f15ddac0537d103e1739b4e3a","b2d2ea1f15ddac0537d103e1739b4e3a","新宿スポーツランド本館","新宿区新宿3-22-12","","03-3352-5489","","","35.69316847 139.7018443""id_shop_2f5902c2237bef5308069daf43df1d4c","2f5902c2237bef5308069daf43df1d4c","タイトーステーション新宿南口ゲームワールド店","新宿区新宿3-35-8","JR・新宿駅より徒歩1分","03-3226-0395","10:00～25:00","無し","35.689926 139.702372""id_shop_3a5c7b7ea93853bd0907cb04db287c9a","3a5c7b7ea93853bd0907cb04db287c9a","ゲームパニック新宿歌舞伎町","新宿区歌舞伎町1-20-1ヒューマックスパビリオン1-2F","","03-6265-9021","","","35.69606337 139.7012777""id_shop_c078949c88435e9dab30104e59a6c53e","c078949c88435e9dab30104e59a6c53e","GiGO新宿西口","新宿区西新宿1-12-5","","03-3349-0257","","","35.68945769 139.6973935""id_shop_643173af0da0383cfd73aa4519567067","643173af0da0383cfd73aa4519567067","ゲームニュートン","板橋区志村3-24-3高橋ビル1F","都営地下鉄三田線志村三丁目駅下車徒歩3分","03-3558-9766","10:00～24:00","無し","35.77799391 139.685865""id_shop_7dbad676985cbfc6731da06a3d801efe","7dbad676985cbfc6731da06a3d801efe","GiGO成増","板橋区成増2-17-24五曠第6ビル","","070-1459-3563","","","35.7774666 139.6312648""id_shop_c9ddc71bd5c11b33f196d63518137208","c9ddc71bd5c11b33f196d63518137208","ラウンドワン板橋店","板橋区相生町16-13","都営地下鉄三田線「志村3丁目駅」徒歩7分","03-5922-3521","10:00～24:00/土9:00～24:00/日・祝8:00～24:00","無し","35.77658 139.67879""id_shop_eaa6179bdeb02ff19ac795b540b9b507","eaa6179bdeb02ff19ac795b540b9b507","ラウンドワン武蔵村山店","武蔵村山市伊奈平3-1-1","武蔵村山伊奈平橋 南すぐ","042-520-3211","10:00～23:50","無し","35.73563714 139.3826993""id_shop_0dfe721d1face3fc46cc434f979c96ff","0dfe721d1face3fc46cc434f979c96ff","ラウンドワン吉祥寺店","武蔵野市吉祥寺本町1-11-22","","0422-29-1051","10:00～翌0:50","無し","35.706276 139.580884""id_shop_768780575383f7f4cdc2817f5aa01363","768780575383f7f4cdc2817f5aa01363","東京レジャーランド吉祥寺店","武蔵野市吉祥寺本町1-3-7YSビル","","0422-27-2200","","","35.7036243 139.5786419""id_shop_edd20fb58491a7c0ee1d3d01889292e5","edd20fb58491a7c0ee1d3d01889292e5","タイトーFステーション吉祥寺JOY","武蔵野市吉祥寺本町1-8-23河田ビル","","090-7265-2005","","","35.70436 139.57963""id_shop_5f48ec0d7c4359c59cf94e5849ee25c7","5f48ec0d7c4359c59cf94e5849ee25c7","江戸川ヤングボウル","江戸川区中央4-22-25","江戸川区文化センター隣","03-3651-1100","一部24時間","無し","35.71124527 139.8694303""id_shop_dfd5509b51ca72a1f496ce1022eaafb5","dfd5509b51ca72a1f496ce1022eaafb5","ドットコム","江戸川区中葛西3-35-5","東京メトロ東西線 葛西駅そば","03-3804-0141","10:00～24:00","店舗にお問合わせください","35.66435788 139.8722306""id_shop_bcaf9ffa32c4dc6f97ae2885d293fccb","bcaf9ffa32c4dc6f97ae2885d293fccb","ラウンドワン南砂店","江東区南砂6-7-15トピレックプラザ4F","葛西橋通り沿い荒川より西へ1km","03-5617-6911","10:00～23:50","無し","35.67184786 139.8361845""id_shop_a4bf9e903c98b4f56fb275f7037cff2c","a4bf9e903c98b4f56fb275f7037cff2c","ASO:VIBA!","渋谷区恵比寿1-10-5","JR山手線恵比寿駅徒歩1分","03-3444-4912","10:00～24:00","無し","35.64677066 139.7109583""id_shop_bf6d6f4a0b042802bc6e03d48d0ca227","bf6d6f4a0b042802bc6e03d48d0ca227","GiGO渋谷宮益坂","渋谷区渋谷1-14-14EST 1F･7F","","03-3409-4737","","","35.660097 139.702644""id_shop_d510ba3dbc1c859cd652174612b22c04","d510ba3dbc1c859cd652174612b22c04","タイトーステーション渋谷店","渋谷区渋谷1-24-12渋谷東映プラザB1F","JR渋谷駅・宮益坂口より徒歩1分","03-5467-6565","10:00～24:00","無し","35.659983 139.70204""id_shop_d4ca6c2a8105f91bc228b4a69ec3424b","d4ca6c2a8105f91bc228b4a69ec3424b","タイトーステーション町田店","町田市原町田6-21-23松山ビル1F","JR横浜線町田駅より徒歩3分・小田急線町田駅より徒歩5分","042-739-6196","10:00～24:00","無し","35.542593 139.448333""id_shop_94d9b072e95d1117e7e9c90521dbfff2","94d9b072e95d1117e7e9c90521dbfff2","ラウンドワン町田店","町田市森野1-13-14","JR/小田急「町田駅」下車徒歩1分","042-710-0091","10:00～翌0:50","無し","35.54409488 139.4432407""id_shop_731c20e12782283510b6f3491a194e86","731c20e12782283510b6f3491a194e86","タイトーステーション立川北口店","立川市曙町2-4-5OSJ TACHIKAWA2･3F","","042-512-9651","","","35.699058 139.412162""id_shop_10e9c11bcefb92f37c70af146080076b","10e9c11bcefb92f37c70af146080076b","WORLD GAME CIRCUS","立川市羽衣町2-4-13羽衣長田ビル101","","042-512-5610","","","35.69651 139.42878""id_shop_18f64499442a21f47ec612dea547d0fc","18f64499442a21f47ec612dea547d0fc","東京レジャーランド亀有店","葛飾区亀有3-21-2","","03-5680-8893","","","35.765462 139.84798""id_shop_b638dd8ac584592158ec730c342b7c42","b638dd8ac584592158ec730c342b7c42","アドアーズ新小岩店","葛飾区新小岩1-44-4VORT新小岩B1-3F","新小岩駅南口ロータリーすぐ看板","03-5678-5257","10:00～23:45","無し","35.71623508 139.8580953""id_shop_689e6bfb6ac62d35f87835e70a059fc2","689e6bfb6ac62d35f87835e70a059fc2","葛飾ヤングボウル","葛飾区青戸5-13-3","","03-3602-7007","","","35.74832547 139.8540342""id_shop_93518ea250950aa8fd166cb1a45753e8","93518ea250950aa8fd166cb1a45753e8","ユーズランド日の出店","西多摩郡日の出町大字平井字三吉野桜木237-3 3F","","042-588-8177","","","35.73493237 139.2750782""id_shop_d0509d2a0b7469f5f3e65bcf0e13a684","d0509d2a0b7469f5f3e65bcf0e13a684","アドアーズ仙川店","調布市仙川町2-21-12VICビル7 1-3F","ハーモニータウン内みずほ銀行前","03-5313-4661","10:00～23:45","無し","35.66249549 139.5841524""id_shop_0795516521f50d10f5a9ba0a5f05d79b","0795516521f50d10f5a9ba0a5f05d79b","ゲームW店","豊島区南長崎5-27-6","西武池袋線 東長崎駅より徒歩2分","03-5983-7880","10:00～24:00","不定休","35.72942259 139.6828924""id_shop_7aa8686e93eb786a43a6e0d7e166f636","7aa8686e93eb786a43a6e0d7e166f636","GiGO総本店","豊島区東池袋1-13-6ロクマルゲート池袋B1F-3F","","080-7018-7351","","","35.72930775 139.7150562""id_shop_7af4d276e14a32e889a4d7c2cf28e968","7af4d276e14a32e889a4d7c2cf28e968","ラウンドワン池袋店","豊島区東池袋1-14-1池袋スクエア","","03-5928-0221","10:00～翌0:50","無し","35.730175 139.714846""id_shop_944530b70a5a9a9cbd88f085a7f9703e","944530b70a5a9a9cbd88f085a7f9703e","アドアーズ池袋東口店","豊島区東池袋1-41-4池袋とうきゅうビル1-2F","ビックカメラ、ヤマダ電機の間","03-3980-5404","10:00～23:45","無し","35.73180007 139.7130717""id_shop_f19845ba9689ad6257c2b6de237e8bde","f19845ba9689ad6257c2b6de237e8bde","タイトーステーション池袋西口店","豊島区西池袋1-15-9第一西池ビル","","03-6907-3560","","","35.73058948 139.709706""id_shop_2d57659cba62fb54a3ea2e7532c8f829","2d57659cba62fb54a3ea2e7532c8f829","ハイテクランド キューデン","足立区西新井栄町2-7-2ハイテクランド球殿2F","東武伊勢崎線西新井駅徒歩3分","03-3849-0392","9:00～24:00","無し","35.7771412 139.7894523""id_shop_361118b9ebaffa64042fe3bae977ec6b","361118b9ebaffa64042fe3bae977ec6b","神奈川レジャーランド厚木店","厚木市戸室5-31-1","小田急本厚木駅よりバスにてアンリツ前バス停下車徒歩1分","046-297-0503","一部24時間営業","無し","35.44802433 139.3431365""id_shop_703eaa20d8630ee9ae55682a543c9786","703eaa20d8630ee9ae55682a543c9786","ラウンドワン川崎大師店","川崎市川崎区殿町1-5-1","京浜急行大師線 「大師橋駅」すぐ","044-270-1541","月8:00～23:50 火～金10:00～23:50、土日祝8:00～23:50","無し","35.53846653 139.741634""id_shop_5d8c1cf4e9edb6e6fc936dd5efff2322","5d8c1cf4e9edb6e6fc936dd5efff2322","シルクハット川崎ダイス","川崎市川崎区駅前本町8ダイスビルB2F","JR川崎駅アゼリア地下街と直結、京急川崎駅中央口徒歩1分","","9:00～24:45","無し","35.5314121 139.7002166""id_shop_8813b98c3611580f690beef415418614","8813b98c3611580f690beef415418614","ラウンドワン高津店","川崎市高津区二子4-8-1","田園都市線「高津駅」下車徒歩5分","044-813-3711","6:00～23:50","無し","35.60209119 139.6190552""id_shop_49ca9b85b9933b0588311266aa97382d","49ca9b85b9933b0588311266aa97382d","タイトーステーション溝の口店","川崎市高津区溝口1-11-8","","044-328-9262","","","35.600042 139.61245""id_shop_b561d58785c955042af7bc00040c224b","b561d58785c955042af7bc00040c224b","ラウンドワンららぽーと湘南平塚店","平塚市天沼10-1ららぽーと湘南平塚店3F","JR平塚駅から徒歩12分","0463-25-4051","10:00～23:50 土日祝6:00～23:50","無し","35.335825 139.354769""id_shop_d015e32208a7dab97acd422cc9e8440f","d015e32208a7dab97acd422cc9e8440f","シルクハット伊勢佐木町","横浜市中区伊勢佐木町3-96日活会館ビル3F","JR関内駅北口より徒歩7分・京急線日ノ出町より徒歩6分・横浜市営地下鉄ブルーライン伊勢佐木長者町駅より徒歩4分","","9:00～23:45","無し","35.44281185 139.629987""id_shop_86a2ef9c4cb247967747da666d403676","86a2ef9c4cb247967747da666d403676","ラウンドワン横浜綱島店","横浜市港北区樽町2-6-40T-PLATZ","綱島街道「樽町」交差点より東へ300m","045-533-6151","9:00?23:50、土日祝6:00～23:50","無し","35.53198182 139.6371126""id_shop_6f570f9aa2b4baa7243dbbebb27f8052","6f570f9aa2b4baa7243dbbebb27f8052","GiGO綱島","横浜市港北区綱島西2-6-29城田ビル3F","","045-547-1199","","","35.5364623 139.6324113""id_shop_92b6309a71a45b616849ca71929e3f73","92b6309a71a45b616849ca71929e3f73","タイトーステーション横浜西口五番街店","横浜市西区南幸1-12-9","JR・相鉄線・東横線・みなとみらい線 横浜駅より徒歩3分","045-411-5288","平日10:00～23:50 土日祝日9:00～23:50","無し","35.464648 139.619593""id_shop_b61565520299919f01b71b7f8cddd278","b61565520299919f01b71b7f8cddd278","ラウンドワン横浜駅西口店","横浜市西区南幸2-8-16","横浜駅西口より、パルナードを200m、ビブレ南側","045-412-0880","8:00～23:50、土日祝6:00～23:50","無し","35.46393717 139.6180549""id_shop_13781e997aa85fd475f15fb88f6e2567","13781e997aa85fd475f15fb88f6e2567","ドラマ港北インター店","横浜市都筑区東方町321-6","第三京浜港北IC右側交差点左折約500M","045-474-6604","10:00～24:00","無し","35.51925659 139.5847927""id_shop_1c6e33eaf98ce68161c2ad2be634a27d","1c6e33eaf98ce68161c2ad2be634a27d","GiGO相模原","相模原市中央区中央2-1-5ムトス内","JR横浜線相模原駅徒歩15分国道16号線近く","080-7465-6268","10:00～24:00","無し","35.57350902 139.3710322""id_shop_cd09b9e9460785557be8e87852306235","cd09b9e9460785557be8e87852306235","GiGO相模大野","相模原市南区相模大野3-13-2フレスコビル2F","","042-741-8195","","","35.532177 139.436075""id_shop_68f76b0f0207e4788f9c9a1d207f3ccd","68f76b0f0207e4788f9c9a1d207f3ccd","アドアーズ橋本店","相模原市緑区橋本3-3-1SING橋本2F","橋本MOVIX(映画館)の2F","042-700-2310","10:00～23:30","無し","35.59444342 139.3489184""id_shop_962e2e549c2ff566f0cc5cac83173a8e","962e2e549c2ff566f0cc5cac83173a8e","楽市楽座湘南藤沢店","藤沢市辻堂新町4-3-5ミスターマックス湘南藤沢内","ミスターマックス湘南藤沢SC2F","0466-30-2332","10:00～22:00","無し","35.34049487 139.4648408""id_shop_8c09c605bda689dedac21dce0e00093a","8c09c605bda689dedac21dce0e00093a","上越レジャーランボウル","上越市下門前薬島827-2","国道8号線沿い高岡市内関川大橋そば","0255-31-2030","一部24時間営業","無し","37.16405087 138.2489336""id_shop_dc7e85bf8f5580e609fa2a9a8c943eb9","dc7e85bf8f5580e609fa2a9a8c943eb9","タイトーFステーション上越店","上越市富岡3524J-maxシアター内1F","J-MAXシアター1F","025-530-7115","","","37.148097 138.259034""id_shop_cd7cde435c4a850935772a09462609c4","cd7cde435c4a850935772a09462609c4","HapipiLand十日町店","十日町市丑735-1","","080-7143-5507","","","37.13648 138.7456""id_shop_02cbda6e44dffaf076dcfe1aeae688fe","02cbda6e44dffaf076dcfe1aeae688fe","プレイゾーンバンブー","南魚沼市竹俣60-6","JR「六日町」より車で5分。国道17号線沿い。","025-782-5277","11:00～24:00","無し","37.051028 138.868007""id_shop_6b0e0c641daadb6ba03f0ba1cf4e2495","6b0e0c641daadb6ba03f0ba1cf4e2495","ラウンドワン新潟店","新潟市中央区美咲町2-1-38","新潟バイパス 黒崎ICより約5分・ホンマ健康ランド様前","025-280-1322","月9:00～23:50 火～金10:00～23:50、土日祝6:00～23:50","無し","37.88807436 139.0177537""id_shop_910fe8db0124ac508740a9585be02f13","910fe8db0124ac508740a9585be02f13","プレイハウスエリナ","新潟市西蒲区津雲田640","JR「岩室駅」より車で5分。駅より国道116号を南下し国道沿い右側。","0256-82-4541","","","37.71741366 138.8908286""id_shop_e2802a592a42a4422c8a59f12c382809","e2802a592a42a4422c8a59f12c382809","アピナ長岡店","長岡市堺東町22","国道8号線長岡バイパス堺交差点近く","0258-22-5510","10:00～24:00","無し","37.45794202 138.8125194""id_shop_f2414389325626867ad2563abfeab70b","f2414389325626867ad2563abfeab70b","ゲームセンターテクノポリス","長岡市要町1-8-50","JR「宮内駅」西口より徒歩で5分。県道498号線沿い。","0258-33-1516","10:00～24:00","無し","37.42498834 138.8377613""id_shop_c0987a4f7ba442b627f24df2bb266137","c0987a4f7ba442b627f24df2bb266137","キッズサーカス五福","富山市五福1143-1アリスショッピングセンター内","新富山駅出口から徒歩約5分 大学前(富山県)駅出口から徒歩約9分(道案内)","076-433-0051","","","36.69555337 137.192538""id_shop_b5bd67e12faf095ceb6b1c0605a90601","b5bd67e12faf095ceb6b1c0605a90601","富山レジャーランド掛尾店","富山市掛尾町360-1","","076-413-2606","","","36.66605175 137.208892""id_shop_9fd8499b24994304ddb7795751e0bc86","9fd8499b24994304ddb7795751e0bc86","トヤマレジャーランド呉羽店","富山市高木字貝塚2054","県道44号線沿い呉羽本町交差点を富山方面方向に車で3分","076-434-5336","一部24時間営業","無し","36.71545083 137.1579046""id_shop_120949c3f904f1eeb1a5b53b2c389c46","120949c3f904f1eeb1a5b53b2c389c46","クァトロブーム小杉","射水市三ケ2602","","0766-57-8219","","","36.7205 137.092912""id_shop_92827658601f8b91607b24e08cc8ab70","92827658601f8b91607b24e08cc8ab70","ユーズランド高岡店","高岡市下伏間江383イオンモール高岡2F","イオン高岡SC2FJR高岡駅よりバスで10分能越自動車道高岡ICより東へ約3km","0766-27-2411","10:00～21:00","無し","36.72378877 137.016935""id_shop_ab1754e454ee85b649d4131b45ca2489","ab1754e454ee85b649d4131b45ca2489","ぞうさん","高岡市戸出町野瀬689","","0766-63-6154","","","36.69943034 136.985008""id_shop_6133c0988c3a2d6baafe2e6da255a274","6133c0988c3a2d6baafe2e6da255a274","ゲームSPOT207","高岡市鐘紡町1655-3","JR高岡駅から車で15分","0766-26-2070","7:00～24:00","無し","36.73235328 137.0023356""id_shop_f2cffab7a5c93380119762cf6ac59ce4","f2cffab7a5c93380119762cf6ac59ce4","プレイランド黒部","黒部市沓掛645","国道8号線沿い黒部IC入口交差点近く","0765-52-5141","5:00～24:00","無し","36.88891002 137.4646533""id_shop_644e25cc61054b5533773b06004c40bb","644e25cc61054b5533773b06004c40bb","バイパスレジャーランド加賀店","加賀市箱宮町ヲ1-1","国道8号線加賀産業道路終点近く","0761-74-8007","一部24時間営業","無し","36.32515503 136.4113746""id_shop_9ce0168c2a5f8ed86e3b815705d18377","9ce0168c2a5f8ed86e3b815705d18377","ラウンドワン金沢店","金沢市横川6-120-1","北鉄石川線 押野駅下車 東南東へ徒歩5分","076-245-1850","月9:00～23:50 火～金10:00?23:50、土日祝6:00～23:50","無し","36.54211559 136.626054""id_shop_c03b765eae47433db30fbc0d2b81858d","c03b765eae47433db30fbc0d2b81858d","バイパスレジャーランド藤江新館","金沢市藤江南2-105","","076-268-7518","","","36.58375651 136.6206642""id_shop_831001cdff140b5a1b270db7fef79413","831001cdff140b5a1b270db7fef79413","バイパスレジャーランド藤江本館","金沢市藤江南2-41","国道8号線沿い藤江交差点近く","076-268-3798","一部24時間営業","無し","36.58397239 136.621523""id_shop_eadf4ff255804ab5acf119cd67476117","eadf4ff255804ab5acf119cd67476117","ジョイランド敦賀店","敦賀市木崎40-土三田12USAアリーナ内","","0770-37-1616","10:00～24:00","無し","35.64473762 136.0430148""id_shop_3d6eaec3740b00986f47851b16a90c82","3d6eaec3740b00986f47851b16a90c82","福井レジャーランド板垣店","福井市下馬3-112","","0776-33-5510","","","36.042283 136.233748""id_shop_7e24222472ebc60f52e82fa91fa10555","7e24222472ebc60f52e82fa91fa10555","GiGO福井","福井市丸山町1-410","","0776-52-0806","","","36.073357 136.243038""id_shop_da8b80ae748f0fbfee1d7921f4dd6b65","da8b80ae748f0fbfee1d7921f4dd6b65","GiGO武生","越前市新町3ー13-4","","0778-21-1675","","","35.905197 136.153466""id_shop_747781a4a8154de8ea9b7eec5a8ee3a1","747781a4a8154de8ea9b7eec5a8ee3a1","キッズサーカスシピィ店","越前市新町7-8","","0778-42-6880","","","35.90367935 136.1521765""id_shop_b6c7f6d9ccaa9df242f6911a9a8c05ca","b6c7f6d9ccaa9df242f6911a9a8c05ca","ゲームパニック甲府","甲府市国母5-20-24","","080-3350-2893","","","35.64182781 138.547239""id_shop_78eae268a093f13ae67611bc83fd17b0","78eae268a093f13ae67611bc83fd17b0","ラウンドワン長野店","長野市大字東和田827-6","国道18号線東和田交差点よりすぐ","026-254-5801","10:00～24:00/土9:00～24:00/日・祝8:00～24:00","無し","36.65105714 138.225192""id_shop_51937a83e098188feff1959e9f87a777","51937a83e098188feff1959e9f87a777","オリエンタルバッティングセンター可児店","可児市今渡695-1","","0574-61-3991","","","35.4295369 137.0390315""id_shop_5d9b2dbb066aa7075b9370cdaf146a04","5d9b2dbb066aa7075b9370cdaf146a04","アミューズメントスペースコミ丸アリババ大垣店","大垣市池尻町940-1","関が原バイパス沿い","050-3575-0530","10:00～24:00","無し","35.38404596 136.5956139""id_shop_62d2668e45a3ea547ef1ca9aad77df6c","62d2668e45a3ea547ef1ca9aad77df6c","A.Cグランド","岐阜市茜部大川1-77","名鉄新岐阜駅15分","058-275-0351","9:00～24:00","無し","35.38308553 136.7461998""id_shop_a7d963d7b791ccfcb9e829478e8bf3d3","a7d963d7b791ccfcb9e829478e8bf3d3","ラウンドワンモレラ岐阜店","本巣市三橋1100","樽見鉄道「モレラ岐阜駅」下車徒歩1分","058-323-6600","10:00～24:00","無し","35.455121 136.672955""id_shop_4555d4bb7d0ebe0901c96546befb8d05","4555d4bb7d0ebe0901c96546befb8d05","岐阜レジャーランド穂積店","瑞穂市稲里630","国道21号線沿い瑞穂市野田新田交差点近く","058-326-1133","7:00～24:00","無し","35.38432479 136.6846653""id_shop_1c6403a82d80d4ca75541964928886e9","1c6403a82d80d4ca75541964928886e9","ラウンドワン富士店","富士市八代町4-15","岳南鉄道ジヤトコ前駅より徒歩約12分","0545-51-3636","10:00～24:00","無し","35.15310644 138.6938016""id_shop_e4b017b7cb233fcb1b965b5c8dfe6ba9","e4b017b7cb233fcb1b965b5c8dfe6ba9","ポート24浜松店","浜松市中央区坪井町4183","東名高速浜松西ICから車で15分","053-440-5588","10:00～24:00","無休","34.68017431 137.6443768""id_shop_29599c71020dc09ff3429c7eac13b9f5","29599c71020dc09ff3429c7eac13b9f5","ラウンドワン浜松店","浜松市中央区天王町諏訪1981-17","浜松ICより約15分イオン浜松市野ショッピングセンター南","053-461-1101","10:00～24:00/土9:00～24:00/日・祝8:00～24:00","無し","34.73795995 137.7638799""id_shop_f8901057dc5143af98d616e986446778","f8901057dc5143af98d616e986446778","サープラOZ浜松あそびタウン","浜松市中央区宮竹町322-1","東名高速浜松IC車で20分","053-466-3387","9:00～24:00","無し","34.72247074 137.7647101""id_shop_e5ae425197e843dd64e6de39c4bceaf3","e5ae425197e843dd64e6de39c4bceaf3","アップル新北街道店","静岡市葵区沓谷5-13-4","東名高速静岡ICから車で20分","054-261-9109","10:00～24:00","無休","34.99831803 138.4134069""id_shop_99ec26adbe6b3516118b355a91d7d644","99ec26adbe6b3516118b355a91d7d644","ラウンドワン静岡･駿河店","静岡市駿河区向手越1-10-1","静岡駅より国道1号「常盤2」を右折、本通りを左折安倍川橋を渡り1Km","054-201-1601","10:00～24:00","無し","34.950991 138.360524""id_shop_b60e452bdc6941d74ccb77ef80ce0233","b60e452bdc6941d74ccb77ef80ce0233","M'sPARK刈谷店","刈谷市稲場町3-206","155号沿い","0566-27-5822","10:00～24:00","無し","35.00549344 137.0014494""id_shop_f11a090b0bf3fa879006682f755d4a43","f11a090b0bf3fa879006682f755d4a43","ラウンドワン名古屋西春店","北名古屋市宇福寺神明15","名古屋高速一宮線 西春入口手前 22号線沿い名古屋ハウジングセンター、 一宮会場向かい","0568-26-4001","10:00～翌6:00/土9:00～翌6:00/日・祝8:00～翌6:00","無し","35.25506282 136.8439405""id_shop_9096cd0451dc74dd575b16156e363a22","9096cd0451dc74dd575b16156e363a22","ラウンドワン半田店","半田市瑞穂町6-7-8","半田市役所 南へ約1km","0569-25-7351","10:00～24:00/土9:00～24:00/日・祝8:00～24:00","無し","34.88609688 136.9412056""id_shop_bfa6b21f5eb69563727310cfc7edadc4","bfa6b21f5eb69563727310cfc7edadc4","ゲームダイコク","半田市青山2-27-1","","0569-24-1316","","","34.880273 136.916512""id_shop_ea60f260ddbf102b30d8ac14a2fb95d1","ea60f260ddbf102b30d8ac14a2fb95d1","タイトーステーションフェドラ大須店","名古屋市中区大須3-30-31萬松寺駐車場ビル1F･2F","地下鉄名城線上前津駅より徒歩1分","052-242-2011","10:00～24:00","無し","35.15945319 136.9054236""id_shop_5586f5a287be7c30026c3a7f48a7cd21","5586f5a287be7c30026c3a7f48a7cd21","キングジョイ","名古屋市中区栄3-3-32","地下鉄栄駅徒歩3分","052-241-9515","9:00～24:00","無し","35.16797694 136.9050444""id_shop_60372a57b39d8935e9ac681823b75703","60372a57b39d8935e9ac681823b75703","コムテックスクウェア金山","名古屋市中区金山1-16-8","名鉄金山駅徒歩3分","052-321-5601","9:00～24:00","","35.14401179 136.8999767""id_shop_1fa3b9c5eafddc9564319c2b264e0838","1fa3b9c5eafddc9564319c2b264e0838","ラウンドワン中川一号線店","名古屋市中川区法蔵町2-23","あおなみ線中島駅徒歩2分 国道1号線(昭和橋通り)沿い","052-665-5353","平日10:00～23:50 土日祝9:00～23:50","無し","35.12338322 136.8636484""id_shop_5254a50fcbb33137a5936ebc92a9fa66","5254a50fcbb33137a5936ebc92a9fa66","BOX.Q3","名古屋市中村区則武1-16-8第一Uコーポ1F","各線名古屋駅 太閤口徒歩5分","052-452-0920","10:00～24:00","無し","35.17310098 136.876603""id_shop_562d5f4e5348d6f5513a4997e17ca340","562d5f4e5348d6f5513a4997e17ca340","コムテックタワー","名古屋市中村区名駅4-10-20","JR名古屋駅徒歩5分","052-565-6471","平日10:00～24:00、土日祝9:00～24:00","","35.16941986 136.885993""id_shop_9aca1393e8bbbca495a8900574d44e9b","9aca1393e8bbbca495a8900574d44e9b","GiGOマーケットスクエアささしま","名古屋市中村区平池町4-60-14","","052-581-6093","","","35.162736 136.884929""id_shop_bc4b8206c8c2ac377769bf3e5f3b76f0","bc4b8206c8c2ac377769bf3e5f3b76f0","ラウンドワン千種店","名古屋市千種区新栄3-20-17タイホウ千種駅前南ビル8F","地下鉄「千種駅」下車徒歩5分","052-238-1615","9:00～23:50","無し","35.16799971 136.9279985""id_shop_0f3f4a7c326f205c853142a486051d01","0f3f4a7c326f205c853142a486051d01","名古屋レジャーランド内田橋店","名古屋市南区内田橋2-26-22","名鉄常滑線豊田本町駅近く","052-694-6051","一部24時間営業","無し","35.1137072 136.9098069""id_shop_33778853cfe6c60ce5d3a80485fbe6a9","33778853cfe6c60ce5d3a80485fbe6a9","ゲームパニック大高","名古屋市緑区忠治山201グランドボウルB2F","国道23号線大高町共和IC側道グランドボウルB2階","052-625-5360","9:00～23:45","無し","35.04850561 136.9496236""id_shop_247fd74ef16ee7bc0dcdd36a23b56f0b","247fd74ef16ee7bc0dcdd36a23b56f0b","ラウンドワン鳴海店","名古屋市緑区鳴海町字杜若28","地下鉄「野並駅」下車徒歩5分","052-899-0700","10:00～23:50 土日祝9:00～23:50","無し","35.09913151 136.9528735""id_shop_8b58cfdf1b7794784ea8e107ab52c1c8","8b58cfdf1b7794784ea8e107ab52c1c8","ダイナソアエイジ","大府市東新町3-88","","0562-47-1234","","","35.03099 136.95617""id_shop_5da62880b3323e1740c6f45614fee0b1","5da62880b3323e1740c6f45614fee0b1","ADXマミー岡崎店","岡崎市井田新町6-1","","0564-83-6262","","","34.97692806 137.161659""id_shop_dce765e8fca9cf16d2432417a99c5dac","dce765e8fca9cf16d2432417a99c5dac","ADXマミー春日井出川店","春日井市不二が丘1-5","","0568-54-8590","","","35.26729521 137.012739""id_shop_eeeb7b09942828429d4e0f2a86b33bbc","eeeb7b09942828429d4e0f2a86b33bbc","GiGO春日井","春日井市岩野町4180","","0568-89-3081","","","35.26954 136.96052""id_shop_d6c3552b0b4fc0968bfeaf0be2dd65ca","d6c3552b0b4fc0968bfeaf0be2dd65ca","ユーズランド東浦","知多郡東浦町大字緒川字旭13-2イオンモール東浦2F","イオン東浦SC2FJR緒川駅より徒歩5分知多半島道路東浦知多ICより約4km","0562-82-2782","10:00～23:00","無し","34.97885364 136.9741411""id_shop_b6cbb9268ef4ef779cbc59bd16d61a3b","b6cbb9268ef4ef779cbc59bd16d61a3b","ラウンドワン豊橋店","豊橋市大岩町字岩田27-2","","0532-65-2212","10:00～23:50 土日祝9:00～23:50","JR「二川駅」より徒歩約10分","34.7239242 137.4323261""id_shop_545e365da6856969d7824701eb101b54","545e365da6856969d7824701eb101b54","M'Sパーク豊田店","豊田市寿町3-10番11","愛知環状鉄道三河豊田駅10分。名鉄三河線土橋駅より徒歩10分。","0565-71-0027","一部24時間営業","","35.05653894 137.1404389""id_shop_b1b88d723802127c6330305c05d11c5b","b1b88d723802127c6330305c05d11c5b","ポート24幸田","額田郡幸田町大字高力字沖原15カメリアガーデン幸田内","東名高速音羽蒲郡ICから車で30分","0564-63-6588","10:00～24:00","無休","34.89016302 137.1632649""id_shop_874b47ed9bdcf25b0f43e0b5b7647328","874b47ed9bdcf25b0f43e0b5b7647328","ラウンドワンみえ川越IC店","三重郡川越町大字南福崎851-1","伊勢湾岸道みえ・川越IC出口すぐ","059-361-2130","10:00～24:00/土9:00～24:00/日・祝8:00～24:00","無し","35.02319916 136.6836502""id_shop_f8aa88c09e6db128314092d9a49a92a8","f8aa88c09e6db128314092d9a49a92a8","アミューズメントPLABIトナリエ四日市店","四日市市安島1-3-31トナリエ四日市5F","","059-356-3385","","","34.96844971 136.6166023""id_shop_86858cd9cbb83eecd6b5d045294778db","86858cd9cbb83eecd6b5d045294778db","アピナ四日市店","四日市市泊小柳町4-34","","059-349-5011","","","34.94000426 136.6070666""id_shop_0a3c49950ac548d89ee722117950b29f","0a3c49950ac548d89ee722117950b29f","アミューズメントスペースコミ丸四日市店","四日市市鵜の森1-3-19","","0748-72-7848","","","34.96631 136.61633""id_shop_d3e198e6dd414ee48b3693aaf011fddb","d3e198e6dd414ee48b3693aaf011fddb","ラウンドワン津･高茶屋店","津市高茶屋小森町277-8","国道23号沿い 「高茶屋小森南」交差点を北へ約100m","059-238-0011","10:00～23:50 土日祝6:00～23:50","無し","34.6726828 136.5194663""id_shop_66071c459f68cdc86685df924c3aacb9","66071c459f68cdc86685df924c3aacb9","滋賀レジャーランド大津店","大津市におの浜3-1-43","","077-548-7851","","","35.003875 135.883431""id_shop_1cc3acc8eaad9bd8d5aa398a0cb0e7b8","1cc3acc8eaad9bd8d5aa398a0cb0e7b8","ラウンドワン浜大津アーカス店","大津市浜町2-1浜大津アーカス4F","京阪電車  京津線、石山坂本線「浜大津駅」下車すぐ","077-526-8722","10:00～23:50、土日祝6:00～23:50","無し","35.010557 135.866804""id_shop_4d5f2833c136a64c7f7eadcf64a65603","4d5f2833c136a64c7f7eadcf64a65603","タイトーFステーションイオン近江八幡店","近江八幡市鷹飼町190-9イオン近江八幡2番街 1F","","0748-38-5172","","","35.12047338 136.1037493""id_shop_3067f3e0b774953e5311159bfdd4ac39","3067f3e0b774953e5311159bfdd4ac39","ラウンドワン京都河原町店","京都市中京区河原町通り三条下ル山崎町250","河原町通り沿いBAL向かい","075-213-8400","月8:00～23:50、火～金9:00～23:50 土日祝6:00～23:50","無し","35.00699573 135.7685149""id_shop_327703940774ab76beb91cccf677184b","327703940774ab76beb91cccf677184b","ラウンドワン京都伏見店","京都市伏見区下鳥羽平塚町131","国道1号線沿い「京都南IC」から大阪方面へ車で5分","075-622-9911","月8:00～23:50 火～金10:00～23:50、土日祝6:00～23:50","無し","34.93599659 135.746198""id_shop_8ca841e11f19447b80f465db72c03202","8ca841e11f19447b80f465db72c03202","ゲームフェイス八尾","八尾市天王寺屋2-68","JR大和路線「志紀駅」下車徒歩7分","0729-48-2306","平日10:00～24:00 土日祝9:00～24:00","無し","34.6039863 135.6123324""id_shop_f91e1be4f8c08412d21102fc226af191","f91e1be4f8c08412d21102fc226af191","ラウンドワン堺駅前店","堺市堺区戎島町4-44-3","南海本線堺駅下車すぐ(国道26号線沿い)","072-222-0120","平日10:00～23:50 土日祝9:00～23:50","無し","34.58340412 135.468425""id_shop_ed6c487076cd62cbd836ff08e0134077","ed6c487076cd62cbd836ff08e0134077","ゲームパニック堺","堺市堺区築港八幡町1-1堺浜シーサイド内堺浜えんため館","南海バス20系統「堺市内北回り」 堺駅西口→堺浜シーサイドステージ約17分 堺東駅→堺浜シーサイドステージ約25分","072-224-8295","10:00～23:45","無し","34.597817 135.447433""id_shop_8ecb9b4bf761cfb0fc128ab35ac21423","8ecb9b4bf761cfb0fc128ab35ac21423","ラウンドワン堺中央環状店","堺市東区石原町2-241","大阪中央環状線大泉緑地よりすぐ","072-253-9559","平日9:00～23:50 土日祝6:00～23:50","無し","34.55707895 135.5362412""id_shop_1546b85f534efb58ffb46d508053ea90","1546b85f534efb58ffb46d508053ea90","ラウンドワン千日前店","大阪市中央区難波1-3-1","","06-4708-2600","10:00～24:00","無し","34.667424 135.5026714""id_shop_c97def28187eb8487215960079356a56","c97def28187eb8487215960079356a56","ラウンドワン梅田店","大阪市北区小松原町4-16","各線「梅田」駅より徒歩3分 JR大阪駅より徒歩7分","06-6312-6800","7:15～25:00","無し","34.70337769 135.5009178""id_shop_f6c25a57df8abef9f18cb80b112c939f","f6c25a57df8abef9f18cb80b112c939f","ラウンドワン城東放出店","大阪市城東区今福南3-4-38","国道479号(内環状線)を南に向かい今福鶴見駅を越え約3分","06-6936-0100","平日9:00～23:50 土日祝6:00～23:50","無し","34.69651235 135.559648""id_shop_bda7c393d7b05932bf9fae9e6dc591ab","bda7c393d7b05932bf9fae9e6dc591ab","ラウンドワン東淀川店","大阪市東淀川区菅原7-14-29","府号14号線沿い「上新庄」交差点より南へ1km","06-6160-2221","10:00～23:50、土日祝6:00～23:50","無し","34.74289355 135.5255278""id_shop_055b095f94b80a4bb45a9739d94c49c3","055b095f94b80a4bb45a9739d94c49c3","タイトーステーション大阪日本橋店","大阪市浪速区日本橋4-9-14","地下鉄なんば駅・日本橋駅・恵美須町駅から約7分ほど。","06-6630-7270","10:00～24:00","無し","34.660362 135.506113""id_shop_906a685054b9a3582af1e3a8e28a6f05","906a685054b9a3582af1e3a8e28a6f05","GiGO難波アビオン","大阪市浪速区難波中2-3-15MMOビル1F､2F","","06-6645-7692","","","34.66278737 135.5032116""id_shop_d7358ee5e75af9248f2db3fc0dc235c4","d7358ee5e75af9248f2db3fc0dc235c4","GiGOあべのアポロ","大阪市阿倍野区阿倍野筋1-5-31アポロビル3F･4F","JR 天王寺駅・近鉄あべの橋駅より徒歩3分 アポロビル 3F","06-6647-0716","10:00～24:00","","34.646623 135.511677""id_shop_3ec41bbd9bd8e6e455fb34ba6f7430d3","3ec41bbd9bd8e6e455fb34ba6f7430d3","ラウンドワン守口店","守口市佐太東町2-6-14ジャガーグリーン2F","旧1号沿い中央環状線「大日」交差点東へ車で1分","06-6907-9270","平日10:00?23:50、土日祝6:00～23:50","無し","34.7562488 135.5886793""id_shop_8c386a8952da9212edbff663f651627a","8c386a8952da9212edbff663f651627a","ゲームプラザエム","守口市本町1-3-3","","06-6991-0363","","","34.735265 135.564645""id_shop_9bc144cd28aeee923373f2cc91154148","9bc144cd28aeee923373f2cc91154148","モンキートリック","寝屋川市香里南之町32-5","京阪本線香里園駅下車徒歩2分","072-835-6361","10:00～24:00","無し","34.78316526 135.628799""id_shop_91e7fd29d8b569587fcbf52fabea4b1c","91e7fd29d8b569587fcbf52fabea4b1c","星狩物語岸和田店","岸和田市作才町1047","南海岸和田駅より徒歩10分","072-432-3841","10:00～24:00","無し","34.45453199 135.3850619""id_shop_7cd1b19a926aa75cbc385391c04ea841","7cd1b19a926aa75cbc385391c04ea841","ラウンドワン岸和田店","岸和田市八阪町2-11-1","国道26号線岸和田警察署東すぐ","072-429-1100","10:00～23:50 土日祝6:00～23:50","無し","34.45649962 135.3885278""id_shop_13b209aebe27b8b0a2ceff4dc9ddcbaa","13b209aebe27b8b0a2ceff4dc9ddcbaa","ラウンドワン東大阪店","東大阪市若江南町1-2-12","府道21号線沿い近畿自動車道東大阪南ICより車で4分","06-6224-1700","10:00～23:50、土日祝6:00～23:50","無し","34.6531932 135.60637""id_shop_f27a6ccf38d92cf6f9367d3d835d0c03","f27a6ccf38d92cf6f9367d3d835d0c03","GiGO布施","東大阪市長堂1-1-1ロンモール布施内","","06-6783-6999","","","34.66416946 135.5628455""id_shop_d8cbab8f7d5b87ab3f8d5343bd06b333","d8cbab8f7d5b87ab3f8d5343bd06b333","ラウンドワン枚方店","枚方市高野道1-20-20","国道1号線枚方「家具団地前」交差点 南","072-864-0800","10:00～24:00/土9:00～24:00/日・祝8:00～24:00","無し","34.84319757 135.6986262""id_shop_466ecdbacba2d15cf5e863f421ccff80","466ecdbacba2d15cf5e863f421ccff80","あそVIVA阪急茨木店","茨木市永代町6-2スポーツプラザ茨木2F","","072-631-6606","","","34.817929 135.576325""id_shop_26bfb504ac21e06da8935bb01d5b856a","26bfb504ac21e06da8935bb01d5b856a","ラウンドワン豊中店","豊中市名神口1-1-1","阪神高速道路「豊中南IC」から車で1分","06-6865-2200","平日10:00?23:50、土日祝6:00～23:50","無し","34.75733488 135.465555""id_shop_3799de2a667acf4402e1ce5a617adcfa","3799de2a667acf4402e1ce5a617adcfa","ラウンドワン高槻店","高槻市辻子3-6-4","国道171号線から八丁畷の交差点を南(国道170号線)に約5分","072-672-9933","月土日祝8:00～23:50 火～金10:00～23:50","無し","34.83266921 135.6301782""id_shop_86fdda970b0c99ea9477e57eb280708e","86fdda970b0c99ea9477e57eb280708e","ラウンドワン伊丹店","伊丹市昆陽7-29","国道171号沿い「伊丹市役所」より西へ700m","0727-75-4150","平日10:00～翌6:00 金祝前日10:00～終日 土24時間 日祝0:00～翌6:00","無し","34.77891327 135.3932572""id_shop_1daa7edb46078aba512303694a265c24","1daa7edb46078aba512303694a265c24","ホムスタ加古川店","加古川市尾上町安田351-1メガコート","","0794-56-2121","10:00～24:00","無し","34.74552902 134.8355115""id_shop_31ed4986f52df2a1a79055e3af90a06b","31ed4986f52df2a1a79055e3af90a06b","ラウンドワン加古川店","加古川市尾上町安田字小河原325番6号","明姫幹線沿い「安田交差点」すぐ","0794-29-2513","平日10:00?23:50、土日祝6:00～23:50","無し","34.74708002 134.836935""id_shop_1298a691b4666a1cf40c92c51eb19d89","1298a691b4666a1cf40c92c51eb19d89","ラウンドワン姫路飾磨店","姫路市飾磨区中島1-254","姫路バイパス西行き 市川ランプより南 浜国(250号)沿い","079-243-1830","10:00～23:50 土日祝6:00～23:50","無し","34.79228629 134.6871127""id_shop_6100eecafbb362740da13c6becbc2994","6100eecafbb362740da13c6becbc2994","アルゴ","神戸市中央区下山手通1-1-8","JR三ノ宮駅下車徒歩5分東急ハンズ東隣","078-334-3031","9:00～24:00","無し","34.69392181 135.1914556""id_shop_1dcdcc6a1be23b19e5f7a21fe5b72607","1dcdcc6a1be23b19e5f7a21fe5b72607","GiGO三宮北口","神戸市中央区北長狭通1-8-1コスモビル地下1F-2F","","070-6949-3872","","","34.69312229 135.192177""id_shop_4567af7fcfdfba71ebf8bf517bde0c0d","4567af7fcfdfba71ebf8bf517bde0c0d","ラウンドワン三宮駅前店","神戸市中央区小野柄通り6-1-17","JR/阪急/阪神「三宮駅」下車徒歩5分","078-252-7200","10:00～24:00/土・日・祝9:00～24:00","無し","34.69403073 135.1973402""id_shop_ea8cc02e4fcd4fd8bd588539d4317a2e","ea8cc02e4fcd4fd8bd588539d4317a2e","遊･スペース マジカル","神戸市中央区琴ノ緒町5-2-3協律三宮センタービル3F","JR三ノ宮駅下車徒歩5分","078-414-8844","9:00～24:00","無し","34.69551577 135.1950261""id_shop_180916ef0c4ff3a06953934e860d3a70","180916ef0c4ff3a06953934e860d3a70","ホムスタ玉津店","神戸市西区丸塚2-9-18メガパレス2F","第二神名玉津IC下車車5分","078-920-3337","10:00～24:00","無し","34.67922481 134.9831791""id_shop_7ea4d3c4f456d31915a55bd9a442af5f","7ea4d3c4f456d31915a55bd9a442af5f","ラウンドワン奈良ミナーラ店","奈良市二条大路南1-3-1ミ･ナーラ5F","","0742-32-3900","","","34.685231 135.802224""id_shop_d0272b9eb66196b1b8a723db7c6cfb52","d0272b9eb66196b1b8a723db7c6cfb52","キッズサーカス奈良柏木店","奈良市柏木町456-1","","0742-93-4464","","","34.67167 135.799186""id_shop_e4984eec134e802ed24341c3380d5f29","e4984eec134e802ed24341c3380d5f29","ユーズランド和歌山","和歌山市ふじと台23イオンモール和歌山2F","","073-452-1668","","","34.275743 135.149066""id_shop_9305200d1c3acfc1b80e4a5b92dc2eab","9305200d1c3acfc1b80e4a5b92dc2eab","ピタゴラス和歌山店","和歌山市土入73-1","","070-1479-6710","","","34.25253983 135.1463143""id_shop_8b6a513960c22ffd43e945f24e1e7ec2","8b6a513960c22ffd43e945f24e1e7ec2","ラウンドワン和歌山店","和歌山市小雑賀739-3","JR和歌山駅 バス1番乗り場「マリーナシティー方面」「紀三井寺方面」「海南藤白浜方面」のいずれかに乗車約15分 「南小雑賀」下車","073-421-8210","10:00～24:00/土9:00～24:00/日・祝8:00～24:00","無し","34.19849168 135.1859428""id_shop_90264d8dbf8ecd7144d6091b856e641e","90264d8dbf8ecd7144d6091b856e641e","オートパーラーやすぎ","安来市西荒島町33","JR荒島駅徒歩15分国道9号線沿い","0854-28-8502","10:00～23:45","無し","35.43243772 133.1914366""id_shop_e06e9edc1602137ff21f5eefc06991f3","e06e9edc1602137ff21f5eefc06991f3","ファンタジスタ","倉敷市新倉敷駅前5-194","JR西日本山陽本線「新倉敷」駅から南西に徒歩10分","086-526-0438","12:00～24:00","店舗にお問合わせください","34.5583269 133.6767549""id_shop_36ade331dafb09fe736ae9ac6e74a2d0","36ade331dafb09fe736ae9ac6e74a2d0","ユーズランド倉敷店","倉敷市水江1イオン倉敷ショッピングセンター2F","イオン倉敷SC2F倉敷駅北口1番乗場よりバスで10分山陽自動車道倉敷ICより約7分","086-430-5234","10:00～22:00","無し","34.60290341 133.7454258""id_shop_386666e11bcb4771d4eca2bdda308ab0","386666e11bcb4771d4eca2bdda308ab0","ドライブイン古城","倉敷市福田町福田2111-1","早島ICより車で20分","086-455-5190","7:00～24:00","無し","34.55139486 133.7675318""id_shop_2e9723c84e127338f93661ec8d04c6e9","2e9723c84e127338f93661ec8d04c6e9","アミパラテクノランド店","岡山市北区大和町1-7-12","法界院駅から徒歩10分","086-225-3377","10:00～24:00","","34.679221 133.927419""id_shop_4ec2a405c53e03f0e780dffafae27d2e","4ec2a405c53e03f0e780dffafae27d2e","ラウンドワン岡山妹尾店","岡山市南区妹尾3413-1","国道2号線沿い妹尾西交差点を東へ約900m","086-282-8851","平日10:00～24:00 土9:00、日祝8:00から","無し","34.62318926 133.8694608""id_shop_f97cf14ca1a46811691c8ec64a8e0f2e","f97cf14ca1a46811691c8ec64a8e0f2e","GiGO広","呉市広中町1-9","呉線広駅前下車すぐ185号線沿いフタバ図書内","0823-73-1217","10:00～24:00","無し","34.22860722 132.6293589""id_shop_5f3eda6de1650dd3d8e3ba0ca23ebf90","5f3eda6de1650dd3d8e3ba0ca23ebf90","タイトーステーション広島本通店","広島市中区本通3-5せらかぐ本通ビル","広島電鉄・立町駅より徒歩5分","082-541-6345","10:00～24:00","無し","34.3929912 132.4599026""id_shop_6913d63fdb0cd9a53df2086f78e81584","6913d63fdb0cd9a53df2086f78e81584","ラウンドワン広島店","広島市中区立町3-11","ひろしま国際ホテルとなり","082-545-8910","月9:00～23:50、火～金10:00～23:50 土日祝6:00～23:50","無し","34.39365895 132.4600423""id_shop_601b01a42a7d0ac056a5963ec86d003a","601b01a42a7d0ac056a5963ec86d003a","タイトーステーション広島紙屋町店","広島市中区紙屋町2-2-21","広島電鉄 紙屋町西電停より徒歩2分","082-544-3961","平日10:00～24:00 土日祝9:00～24:00","無し","34.394034 132.456154""id_shop_510cb7cf1c683e9b64556be6844d2e8d","510cb7cf1c683e9b64556be6844d2e8d","アミパラ広島店","広島市西区西観音町3-17","平和大通り沿い、西区区役所から東へすぐ","082-297-7135","10:00～24:00","無し","34.39350431 132.4360428""id_shop_49b6691851d0652da10fb6428cb69617","49b6691851d0652da10fb6428cb69617","ラウンドワン福山店","福山市明神町1-9-28","国道2号線明神町西へすぐ","084-973-9891","10:00～24:00","無し","34.489155 133.3925782""id_shop_4736f0d07a0d2595f6267f7a122da854","4736f0d07a0d2595f6267f7a122da854","サープラ山口あそびタウン","山口市湯田温泉6-8-3","JR山口線 湯田温泉駅下車 湯田自動車学校方面徒歩10分","083-933-0307","9:00～24:00","無し","34.1647908 131.4517343""id_shop_ff7990c8b0809a654f041d75a93036f7","ff7990c8b0809a654f041d75a93036f7","ラウンドワン徳島･万代店","徳島市万代町4-19-1","徳島県庁 東へ400m","088-612-0025","10:00～24:00","無し","34.064828 134.564699""id_shop_b99cb91769ca463971349c13c108e02a","b99cb91769ca463971349c13c108e02a","アミューズメントパフェパレパレ","徳島市南田宮2-2-46","国道11号線から田宮街道を西に車で5分","088-677-8991","10:00～24:00","無し","34.08586633 134.5426759""id_shop_e011623d712369c627e5a8d323d00746","e011623d712369c627e5a8d323d00746","マックスプラザ善通寺","善通寺市中村町1798-2","","0877-63-4333","","","34.24362494 133.7639965""id_shop_1ca8255e335864ab151dc5f65203ad20","1ca8255e335864ab151dc5f65203ad20","ラウンドワン高松店","高松市松島町2-7-43","国道11号 松島二丁目","087-812-6115","10:00～24:00/土9:00～24:00/日・祝8:00～24:00","無し","34.33898638 134.0669994""id_shop_9eb59489b42e780fdefd4bd26f460a92","9eb59489b42e780fdefd4bd26f460a92","ラウンドワン松山店","松山市東長戸1-3-10","伊予鉄バス「東長戸」停留所下車、北へ50m、最初の交差点左折後350m直進 国道196号線交差点(ローソン有)を更に左折後350m","089-911-5511","10:00～24:00","無し","33.8664873 132.751593""id_shop_922499a19abda9935ebc5ecfb675dcc6","922499a19abda9935ebc5ecfb675dcc6","ラウンドワン高知店","高知市南宝永町4-12","土佐電鉄「宝永町」駅より徒歩約5分","088-804-3070","10:00～24:00","無し","33.55793713 133.554676""id_shop_d0c391b9961b744531ad881c516be13a","d0c391b9961b744531ad881c516be13a","ラウンドワン小倉店","北九州市小倉北区西港町15-65","国道199号線「西港」・日明出入口すぐ","093-562-8805","10:00～24:00/土9:00～24:00/日・祝8:00～24:00","無し","33.89742877 130.8598475""id_shop_918acbbb6a42acb2301dd6d80bff3ee6","918acbbb6a42acb2301dd6d80bff3ee6","ラウンドワン大野城店","大野城市御笠川1-18-16","国道3号線「御笠川4丁目」交差点すぐ","092-504-7411","10:00～24:00","無し","33.54646948 130.4822214""id_shop_81549cfc1ecfb13812d976ed577d454b","81549cfc1ecfb13812d976ed577d454b","ラウンドワン福岡天神店","福岡市中央区天神2-6-12","岩田屋本館向かい","092-720-8101","6:00～深夜0:50","無し","33.58960223 130.3968402""id_shop_6ea0938d85c1303d1f993bb50a9e4d34","6ea0938d85c1303d1f993bb50a9e4d34","タイトーステーション福岡天神店","福岡市中央区天神2-6-35サザンクロスビル","西鉄福岡駅北口より徒歩2分","092-737-5500","10:00～翌1:00","無し","33.5896519 130.3962521""id_shop_9782ae96fdca1b63a417cd529b8ec807","9782ae96fdca1b63a417cd529b8ec807","GiGO福岡天神","福岡市中央区天神2-7-6天神DADAビル","","092-771-8121","","","33.589905 130.396633""id_shop_d8aaf2baccc26e2d7a0cea88f2d8714d","d8aaf2baccc26e2d7a0cea88f2d8714d","ラウンドワン博多半道橋店","福岡市博多区半道橋2-2-8","福岡空港 国際ターミナル前 きよみ通り","092-475-6611","10:00～24:00/土9:00～24:00/日・祝8:00～24:00","無し","33.58394157 130.4382666""id_shop_93a259da63b1a9b6a81a0da4e8c3fdc3","93a259da63b1a9b6a81a0da4e8c3fdc3","楽市街道箱崎店3F","福岡市東区箱崎5-1-8楽市街道箱崎店内3F","3号線沿い九州大学そば","092-642-0761","10:00～24:00","無し","33.62410817 130.4195897""id_shop_f6ed2b015060943fb004a932d98df4e1","f6ed2b015060943fb004a932d98df4e1","ラウンドワン佐賀店","佐賀市兵庫北4-2-1","国道34号線沿い 佐賀警察署隣","0952-36-7070","日～木:10:00～翌6:00 金土及び祝前日:一部24時間営業","無し","33.27533631 130.3015536""id_shop_649d895ce5205d5d02ef434b31a84755","649d895ce5205d5d02ef434b31a84755","パスカワールド宇土店","宇土市善道寺町綾織95","松橋ICより車で10分、宇土シティーショッピングセンター内","0964-22-5311","日曜～木曜 10:00～23:00  金曜・土曜 10:00～24:00","無し","32.68271108 130.6679513""id_shop_8aea2a3d0470c5ab84cecdbbffde9a8a","8aea2a3d0470c5ab84cecdbbffde9a8a","スポラ九品寺","熊本市中央区九品寺5-10-15","JR豊肥本線南熊本駅徒歩10分","096-372-5700","10:00～翌3:00","無し","32.79041868 130.7149285""id_shop_dbcc35a7e77c5ac4517a73a537732a0f","dbcc35a7e77c5ac4517a73a537732a0f","サープラ下通りあそびタウン","熊本市中央区手取本町4-12","","096-355-2888","","","32.8026522 130.7092883""id_shop_67b6c33a2dd41ed4aea310685c059554","67b6c33a2dd41ed4aea310685c059554","ラウンドワン熊本店","熊本市西区春日7-25-15","県道28号線沿い 田崎市場方面平成けやき通りより新蓮台寺地下道をくぐり、西廻りバイパスを右折、田崎市場方面","096-325-7200","月9:00～23:50 火～金10:00～23:50、土日祝6:00～23:50","無し","32.78499883 130.6775647""id_shop_890edfc72252e700e739d4d11998d9e7","890edfc72252e700e739d4d11998d9e7","パスカワールドグリーンランド","荒尾市本井手1574-54","三井グリーンランドウルトラマンランド横","0968-69-3001","10:00～翌3:00","無し","32.98790587 130.4711246""id_shop_98e1c49840ba44122e83178b86999b1e","98e1c49840ba44122e83178b86999b1e","スポラ菊陽店","菊池郡菊陽町津久礼駄飼代2617-2","","096-213-5720","10:00～24:00","無し","32.86472855 130.8092457""id_shop_80d6eb561700b822c19cd65ed3ba9392","80d6eb561700b822c19cd65ed3ba9392","ユーズランド三光店","中津市三光佐知1032イオン三光SC2F","","0979-43-6562","","","33.559002 131.192857""id_shop_06a5e50093b2a56b03e2f8f7fbcda5e4","06a5e50093b2a56b03e2f8f7fbcda5e4","ラウンドワン大分店","大分市萩原2-13-17","臨海産業道路(40m道路)萩原","097-573-2800","10:00～24:00","無し","33.24885259 131.6402543""id_shop_b36c815f5df424fe5bb99da24b785127","b36c815f5df424fe5bb99da24b785127","ラウンドワン宮崎店","宮崎市中村東3-4-60","国道220号 宮交シティとなり","0985-63-1210","10:00～24:00/土9:00～24:00/日・祝8:00～24:00","無し","31.89458335 131.4170876""id_shop_440fa6f9bba5bba1eaa984372c30bcbc","440fa6f9bba5bba1eaa984372c30bcbc","ラウンドワン鹿児島宇宿店","鹿児島市宇宿2-2-2","産業道路沿い、南港南口交差点 宇宿(うすき)","099-284-0655","10:00～24:00/土9:00～24:00/日・祝8:00～24:00","無し","31.54388304 130.5427759""id_shop_ead702b8e2d766dcda19ff6508fb3ecd","ead702b8e2d766dcda19ff6508fb3ecd","ラウンドワン沖縄･宜野湾店","宜野湾市真志喜3-28-8","宜野湾バイパスコンベンションセンター前","098-870-2110","10:00～23:50 土日祝6:00?23:50","無し","26.27580261 127.7310389""id_shop_151558ebff9f80ebe9e3aad53f5b5788","151558ebff9f80ebe9e3aad53f5b5788","ラウンドワン沖縄･南風原店","島尻郡南風原町字兼城下茂原552","国道329号線印刷団地前交差点西側","098-940-6670","10:00～23:50 土日祝6:00～23:50","無し","26.19509176 127.7210653"